Андрей             21        6  6  1  4  9  9  10 4  8  2  3  8
Василий            18        2  9  4  7  6  6  3  6  5  5  2  4
Гавриил            24        10 10 4  10 7  9  4  6  8  1  1  1
Игнат              22        8  1  4  1  1  5  2  5  2  2  10 8
Илья               20        1  6  4  7  10 9  5  3  7  4  7  2
Кощей              21        3  10 1  4  1  8  10 6  2  10 7  4
Максим             19        10 8  9  9  5  8  6  5  7  2  4  10
Маргарита          19        9  1  5  1  10 10 2  4  4  9  8  10
Петр               22        2  9  5  9  1  2  8  7  8  1  9  1
Полина             20        9  2  8  7  3  9  9  5  1  9  2  6
Спиридов           21        4  7  7  3  10 9  7  2  10 9  8  1
Станислав          23        8  1  6  1  4  1  10 8  8  1  8  8
